17
ANM_cbu4atc0
36
MDL_t0
0.01248697 0.8953865 -9.986026E-05 -1.806544 0.003743717 -1.517847 1 1 1
MDL_t0 footsteps
0.04663951 0.007777001 -0.8899348 1.806872 0.05235789 0.00873862 1 1 1
MDL_t0 pelvis
0 0 0 -1.570796 1.370907E-06 -1.570795 1 1 1
MDL_t0 spine
0.1104031 -0.0001796309 1.730864E-06 0.1404032 1.789478E-06 -0.008724775 1 1 1
MDL_t0 l thigh
-0.109443 0.0145559 0.1241145 -2.243585 0.1424682 -2.695844 1 1 1
MDL_t0 l calf
0.4816755 2.2867E-08 3.631879E-09 -0.8496834 -1.984461E-08 -2.642035E-08 1 1 1
MDL_t0 l foot
0.4606186 -1.467066E-08 -3.307585E-10 0.11003 0.227336 -0.09287386 1 1 1
MDL_t0 l toe0
0.08902714 0.133493 -1.111501E-08 1.570796 7.549517E-15 -5.282297E-09 1 1 1
MDL_t0 r thigh
-0.1091401 0.01670006 -0.1241144 -2.697033 -0.3126947 2.636693 1 1 1
MDL_t0 r calf
0.4816755 -2.197298E-08 5.257569E-09 -0.735683 4.064644E-09 -2.05191E-08 1 1 1
MDL_t0 r foot
0.4606186 -1.331009E-09 3.177473E-08 0.5413238 -0.3026636 -0.3033345 1 1 1
MDL_t0 r toe0
0.08902714 0.133493 -2.506889E-08 1.570796 3.552714E-15 3.668379E-08 1 1 1
MDL_t0 spine1
0.227911 -0.0001940859 1.691482E-06 0.1396216 -6.558315E-06 -0.008720665 1 1 1
MDL_t0 neck
0.2461349 -5.687284E-05 -9.930202E-07 -0.02236543 0.02182287 0.01694721 1 1 1
MDL_t0 head
0.07141747 2.57746E-08 5.809904E-10 -0.185918 0.03693432 0.2017514 1 1 1
MDL_t0 l clavicle
-0.02955496 0.0002995607 0.05253514 -2.384246 -1.531132 -1.070664 1 1 1
MDL_t0 l upperarm
0.1768139 -2.318004E-09 -1.260553E-07 0.0959566 -0.8249327 0.09851437 1 1 1
MDL_t0 l forearm
0.2532116 1.11211E-08 3.230064E-08 -1.058536 -2.533986E-08 1.775523E-08 1 1 1
MDL_t0 l hand
0.2580419 2.084182E-09 -4.140638E-08 0.3938941 0.1561826 -1.758126 1 1 1
MDL_t0 l finger0
0.07782795 1.379343E-08 -1.542915E-08 0.7766715 -2.078013E-08 -0.0007962059 1 1 1
MDL_cbu4sld2
0.1416406 0.001489725 0.09409722 -1.299931E-06 0.0134477 -0.0001517422 1 1 1
MDL_cbu4sld1
0.1496268 0.02240756 0.001578794 0.01329284 0.5937609 0.02782775 1 1 1
MDL_t0 r clavicle
-0.03177912 -0.001508911 -0.05119696 -2.960835 1.40012 -0.5196449 1 1 1
MDL_t0 r upperarm
0.1768139 3.412173E-09 1.240738E-08 -0.01068442 0.9620972 -0.1626049 1 1 1
MDL_t0 r forearm
0.2532116 -1.208502E-08 -1.569282E-08 -0.5866058 5.003624E-08 -2.443894E-09 1 1 1
MDL_t0 r hand
0.2580418 1.42562E-08 -2.386959E-08 0.3693764 -0.9415827 1.590706 1 1 1
MDL_t0 r finger0
0.07782796 4.55544E-08 6.606806E-09 0.7679448 -1.472654E-08 0.000796247 1 1 1
MDL_cbu4body2
-0.1582899 -0.1891451 0.05396621 0.002328345 -1.221729 3.139406 1 1 1
MDL_cbu4body
-0.9991149 1.746687E-09 -0.0003071646 -3.140364 -1.570795 -0.001211416 1 1 1
ANM_cbu4atc1
36
MDL_t0
0.01248697 0.8953865 -9.986026E-05 -1.806544 0.003743806 -1.517847 1 1 1
MDL_t0 footsteps
0.04663951 0.007777005 -0.8899348 1.806872 0.05235789 0.008738621 1 1 1
MDL_t0 pelvis
0 0 0 -1.570796 1.370907E-06 -1.570795 1 1 1
MDL_t0 spine
0.1104031 -0.0001796349 1.730775E-06 0.1404032 1.790293E-06 -0.008724777 1 1 1
MDL_t0 l thigh
-0.109443 0.0145559 0.1241145 -2.243585 0.1424683 -2.695844 1 1 1
MDL_t0 l calf
0.4816755 -1.306963E-09 3.049539E-09 -0.8496835 -2.567154E-09 1.479916E-08 1 1 1
MDL_t0 l foot
0.4606186 -3.521279E-09 -1.125813E-08 0.11003 0.2273361 -0.09287413 1 1 1
MDL_t0 l toe0
0.08902713 0.133493 6.964196E-09 1.570796 1.665334E-14 -1.081759E-09 1 1 1
MDL_t0 r thigh
-0.1091401 0.01670005 -0.1241144 -2.697033 -0.3126947 2.636693 1 1 1
MDL_t0 r calf
0.4816755 1.248385E-09 1.899763E-08 -0.7356833 9.156026E-09 5.331027E-09 1 1 1
MDL_t0 r foot
0.4606186 1.104317E-08 3.122745E-08 0.541324 -0.3026636 -0.3033347 1 1 1
MDL_t0 r toe0
0.08902713 0.133493 -2.202319E-08 1.570796 -1.776357E-15 -3.66838E-08 1 1 1
MDL_t0 spine1
0.227911 -0.0001940959 1.690132E-06 0.1396216 -6.560062E-06 -0.008720666 1 1 1
MDL_t0 neck
0.2461349 -5.684255E-05 -9.933329E-07 -0.02236542 0.02182288 0.01694723 1 1 1
MDL_t0 head
0.07141756 1.522462E-08 4.669879E-10 -0.185918 0.03693432 0.2017514 1 1 1
MDL_t0 l clavicle
-0.02955489 0.0002995599 0.05253514 -2.384246 -1.531132 -1.070664 1 1 1
MDL_t0 l upperarm
0.1768139 3.404549E-09 -1.344967E-07 0.09595658 -0.8249327 0.09851446 1 1 1
MDL_t0 l forearm
0.2532116 -1.622394E-09 6.849924E-09 -1.058536 -4.913117E-08 1.399005E-08 1 1 1
MDL_t0 l hand
0.2580419 7.291019E-09 -4.818062E-08 0.3938942 0.1561827 -1.758126 1 1 1
MDL_t0 l finger0
0.07782798 -2.87165E-08 -2.695247E-08 0.7766715 3.201421E-10 -0.000796236 1 1 1
MDL_cbu4sld2
0.1416406 0.001489719 0.09409722 -1.305664E-06 0.01344771 -0.0001517451 1 1 1
MDL_cbu4sld1
0.1496268 0.02240755 0.00157879 0.01329286 0.5937609 0.02782776 1 1 1
MDL_t0 r clavicle
-0.03177904 -0.001508926 -0.05119696 -2.960834 1.40012 -0.5196449 1 1 1
MDL_t0 r upperarm
0.1768139 -3.605268E-09 1.631595E-08 -0.01068445 0.9620972 -0.1626049 1 1 1
MDL_t0 r forearm
0.2532116 1.534136E-09 -1.940725E-08 -0.5866058 2.050227E-08 -2.343695E-08 1 1 1
MDL_t0 r hand
0.2580419 5.702833E-09 -3.341191E-08 0.3693764 -0.9415827 1.590706 1 1 1
MDL_t0 r finger0
0.07782795 -2.297918E-08 7.823533E-09 0.7679448 -1.743319E-08 0.0007962501 1 1 1
MDL_cbu4body2
-0.1582899 -0.1891451 0.05396621 0.002328331 -1.221729 3.139406 1 1 1
MDL_cbu4body
-0.9991149 -4.406972E-09 -0.0003071644 -3.138279 -1.570795 -0.003263052 1 1 1
ANM_cbu4dmg0
36
MDL_t0
0.02526529 0.7619528 -0.0183587 -1.767299 -0.051284 -1.435888 1 1 1
MDL_t0 footsteps
0.09244148 0.05764856 -0.7498837 1.768534 0.1222984 0.07672577 1 1 1
MDL_t0 pelvis
-2.030868E-09 -2.385743E-10 -1.577783E-08 -1.570796 1.370907E-06 -1.570795 1 1 1
MDL_t0 spine
0.1104101 -0.000177645 1.775602E-05 0.1797694 -0.03032861 -0.104212 1 1 1
MDL_t0 l thigh
-0.1145408 0.007874512 0.1200418 -1.7962 0.1206632 -2.584292 1 1 1
MDL_t0 l calf
0.4816755 3.268341E-08 6.705102E-09 -1.363153 4.588257E-08 -1.289542E-08 1 1 1
MDL_t0 l foot
0.4606186 -2.006957E-08 -2.814622E-08 0.2934624 0.2341105 -0.01531249 1 1 1
MDL_t0 l toe0
0.08902714 0.133493 -1.133484E-08 1.570796 -1.154632E-14 -2.329276E-08 1 1 1
MDL_t0 r thigh
-0.1025572 0.03194195 -0.1267363 -2.374106 -0.3061908 2.709273 1 1 1
MDL_t0 r calf
0.4816755 1.688508E-08 2.394279E-08 -1.24489 1.763133E-08 -1.190289E-08 1 1 1
MDL_t0 r foot
0.4606186 1.752409E-08 3.232725E-09 0.8201668 -0.2913572 -0.3812282 1 1 1
MDL_t0 r toe0
0.08902714 0.133493 -2.613477E-08 1.570796 -4.440892E-16 9.12236E-09 1 1 1
MDL_t0 spine1
0.22795 -0.0001840978 -1.286911E-05 0.3442408 5.648099E-05 0.06979909 1 1 1
MDL_t0 neck
0.2461349 -5.684864E-05 -9.953837E-07 -0.02236545 0.02182288 0.01694724 1 1 1
MDL_t0 head
0.0714175 1.319745E-08 -1.067772E-09 -0.2906485 0.1144244 0.0183421 1 1 1
MDL_t0 l clavicle
-0.02955489 0.0002995149 0.05253514 -0.1554083 -1.377208 2.744731 1 1 1
MDL_t0 l upperarm
0.1768139 1.081744E-08 -1.114431E-08 -1.084076 -0.4296611 -0.004033243 1 1 1
MDL_t0 l forearm
0.2532116 2.289972E-09 1.60671E-08 -1.27186 -6.485964E-08 -3.416645E-08 1 1 1
MDL_t0 l hand
0.2580419 -2.284137E-08 2.532326E-08 0.8384181 -0.4222544 -1.835607 1 1 1
MDL_t0 l finger0
0.07782798 1.585214E-08 -1.156603E-08 0.8726647 6.315531E-09 -0.0007962669 1 1 1
MDL_cbu4sld2
0.1416406 0.001489703 0.0940972 -1.301322E-06 0.01344773 -0.0001517455 1 1 1
MDL_cbu4sld1
0.1496268 0.02240753 0.001578823 0.01329285 0.5937609 0.02782779 1 1 1
MDL_t0 r clavicle
-0.03177915 -0.001508915 -0.05119696 -0.713679 1.523932 1.643318 1 1 1
MDL_t0 r upperarm
0.1768139 -2.873228E-08 4.616476E-08 -0.3357162 0.8087346 -0.6095282 1 1 1
MDL_t0 r forearm
0.2532116 3.334542E-08 -2.369633E-08 -1.625672 6.728147E-09 -2.279718E-09 1 1 1
MDL_t0 r hand
0.2580419 9.973141E-09 -1.876554E-08 0.4657212 -0.7812839 0.8895122 1 1 1
MDL_t0 r finger0
0.07782798 -8.687166E-09 2.520033E-09 0.7679448 -3.556488E-08 0.0007962692 1 1 1
MDL_cbu4body2
-0.1582898 -0.1891451 0.05396621 0.002328283 -1.221729 3.139406 1 1 1
MDL_cbu4body
-0.9991148 8.150994E-09 -0.0003071623 3.139678 -1.570795 0.001881061 1 1 1
ANM_cbu4dmg1
36
MDL_t0
0.02526529 0.7619528 -0.0183587 -1.767299 -0.051284 -1.435888 1 1 1
MDL_t0 footsteps
0.09244151 0.05764858 -0.7498838 1.768534 0.1222984 0.07672577 1 1 1
MDL_t0 pelvis
-2.030868E-09 -2.385743E-10 -1.577783E-08 -1.570796 1.370907E-06 -1.570795 1 1 1
MDL_t0 spine
0.1104101 -0.0001776445 1.775368E-05 0.1797694 -0.03032861 -0.1042121 1 1 1
MDL_t0 l thigh
-0.1145408 0.007874508 0.1200418 -1.796201 0.1206633 -2.584292 1 1 1
MDL_t0 l calf
0.4816755 1.942881E-08 2.83945E-09 -1.363153 3.174218E-08 -3.347828E-08 1 1 1
MDL_t0 l foot
0.4606186 -7.730745E-09 6.296829E-09 0.2934622 0.2341106 -0.01531254 1 1 1
MDL_t0 l toe0
0.08902714 0.133493 -1.235908E-08 1.570796 -1.154632E-14 -2.329276E-08 1 1 1
MDL_t0 r thigh
-0.1025572 0.03194195 -0.1267363 -2.374106 -0.3061908 2.709273 1 1 1
MDL_t0 r calf
0.4816755 -2.645152E-09 9.170156E-09 -1.24489 1.198684E-08 -1.537008E-08 1 1 1
MDL_t0 r foot
0.4606186 1.856E-08 -3.454345E-08 0.8201664 -0.2913575 -0.381228 1 1 1
MDL_t0 r toe0
0.08902715 0.133493 2.3344E-08 1.570796 -5.329071E-15 -2.290307E-08 1 1 1
MDL_t0 spine1
0.22795 -0.000184084 -1.286692E-05 0.3442407 5.647261E-05 0.0697991 1 1 1
MDL_t0 neck
0.2461349 -5.684735E-05 -9.940361E-07 -0.02236544 0.02182288 0.01694723 1 1 1
MDL_t0 head
0.0714175 3.318863E-09 -4.864656E-10 -0.2906485 0.1144244 0.01834211 1 1 1
MDL_t0 l clavicle
-0.02955489 0.000299501 0.05253514 -0.1554085 -1.377208 2.74473 1 1 1
MDL_t0 l upperarm
0.1768139 -3.838932E-10 1.004274E-08 -1.084076 -0.4296611 -0.004033276 1 1 1
MDL_t0 l forearm
0.2532116 2.946007E-09 1.456698E-08 -1.27186 -6.485964E-08 -3.416645E-08 1 1 1
MDL_t0 l hand
0.2580419 -2.374798E-08 2.382313E-08 0.8384181 -0.4222544 -1.835607 1 1 1
MDL_t0 l finger0
0.077828 3.949544E-09 -4.222467E-09 0.8726647 6.315531E-09 -0.0007962669 1 1 1
MDL_cbu4sld2
0.1416406 0.001489704 0.0940972 -1.301322E-06 0.01344773 -0.0001517455 1 1 1
MDL_cbu4sld1
0.1496268 0.02240753 0.001578838 0.01329286 0.5937609 0.02782778 1 1 1
MDL_t0 r clavicle
-0.03177914 -0.001508925 -0.05119696 -0.7136782 1.523932 1.643319 1 1 1
MDL_t0 r upperarm
0.1768139 -2.881205E-08 3.956984E-08 -0.3357163 0.8087346 -0.6095282 1 1 1
MDL_t0 r forearm
0.2532116 3.334542E-08 -2.369633E-08 -1.625672 6.728147E-09 -2.279718E-09 1 1 1
MDL_t0 r hand
0.2580419 1.887076E-08 -1.863888E-08 0.4657212 -0.7812839 0.8895122 1 1 1
MDL_t0 r finger0
0.07782798 -8.687166E-09 2.520033E-09 0.7679448 -3.556488E-08 0.0007962692 1 1 1
MDL_cbu4body2
-0.1582899 -0.1891451 0.0539662 0.00232823 -1.221729 3.139406 1 1 1
MDL_cbu4body
-0.9991148 8.150994E-09 -0.0003071623 3.139678 -1.570795 0.001881061 1 1 1
ANM_cbu4dwn0
36
MDL_t0
0.02526529 0.7577561 -0.0183587 -1.767299 -0.051284 -1.435888 1 1 1
MDL_t0 footsteps
0.09244149 0.05764857 -0.7498837 1.768534 0.1222984 0.07672577 1 1 1
MDL_t0 pelvis
0 0 0 -1.570796 1.370907E-06 -1.570795 1 1 1
MDL_t0 spine
0.1104101 -0.0001776441 1.77574E-05 0.1797694 -0.0303286 -0.1042121 1 1 1
MDL_t0 l thigh
-0.1145407 0.007874512 0.1200418 -1.7962 0.1206635 -2.584292 1 1 1
MDL_t0 l calf
0.4816755 4.722267E-08 3.551008E-09 -1.363154 7.264398E-09 -4.833341E-09 1 1 1
MDL_t0 l foot
0.4606186 -2.375125E-08 6.179251E-09 0.293312 0.2345832 -0.01495102 1 1 1
MDL_t0 l toe0
0.08902715 0.133493 7.927269E-09 1.570796 -7.902123E-12 -1.692573E-08 1 1 1
MDL_t0 r thigh
-0.1025572 0.03194196 -0.1267363 -2.374106 -0.3061906 2.709273 1 1 1
MDL_t0 r calf
0.4816755 -2.150789E-08 -8.732118E-09 -1.24489 1.611922E-08 -1.76051E-08 1 1 1
MDL_t0 r foot
0.4606186 4.265821E-09 1.132141E-08 0.819253 -0.2918869 -0.3810875 1 1 1
MDL_t0 r toe0
0.08902714 0.133493 -7.932031E-11 1.570796 -4.220624E-12 -2.292308E-08 1 1 1
MDL_t0 spine1
0.22795 -0.0001840453 -1.286564E-05 0.3442408 5.647633E-05 0.06979909 1 1 1
MDL_t0 neck
0.2461349 -5.683639E-05 -9.911327E-07 -0.0223654 0.02182289 0.01694723 1 1 1
MDL_t0 head
0.07141754 -5.617336E-09 -1.35472E-09 -0.2906485 0.1144244 0.01834216 1 1 1
MDL_t0 l clavicle
-0.02955487 0.0002994843 0.05253514 -0.1554082 -1.377208 2.74473 1 1 1
MDL_t0 l upperarm
0.1768139 9.36077E-10 -1.489516E-08 -1.084076 -0.4296611 -0.004033243 1 1 1
MDL_t0 l forearm
0.2532116 2.834137E-09 4.329938E-08 -1.27186 -5.865558E-08 -1.294443E-08 1 1 1
MDL_t0 l hand
0.2580418 2.238168E-08 -1.304887E-08 0.8384181 -0.4222544 -1.835607 1 1 1
MDL_t0 l finger0
0.077828 8.655316E-09 -1.516713E-08 0.8726646 6.781192E-09 -0.0007962935 1 1 1
MDL_cbu4sld2
0.1416406 0.001489701 0.09409724 -1.306637E-06 0.01344771 -0.000151753 1 1 1
MDL_cbu4sld1
0.1496267 0.02240753 0.00157881 0.01329287 0.5937609 0.02782778 1 1 1
MDL_t0 r clavicle
-0.03177912 -0.001508938 -0.05119696 -0.7136801 1.523932 1.643315 1 1 1
MDL_t0 r upperarm
0.1768139 -1.789651E-08 4.227172E-08 -0.3357164 0.8087346 -0.6095284 1 1 1
MDL_t0 r forearm
0.2532117 -5.744817E-08 4.311664E-08 -1.625672 1.605844E-10 1.006623E-08 1 1 1
MDL_t0 r hand
0.2580418 -4.071786E-09 -6.443867E-08 0.4657212 -0.7812839 0.8895121 1 1 1
MDL_t0 r finger0
0.07782798 -1.60191E-09 3.657799E-08 0.7679448 -2.031447E-08 0.00079627 1 1 1
MDL_cbu4body2
-0.1582898 -0.1891451 0.05396621 0.002328166 -1.221729 3.139406 1 1 1
MDL_cbu4body
-0.9991148 9.337551E-09 -0.0003071609 3.139678 -1.570795 0.001881061 1 1 1
ANM_cbu4mag0
36
MDL_t0
0.01248697 0.8953865 -9.986026E-05 -1.806544 0.003743717 -1.517847 1 1 1
MDL_t0 footsteps
0.0466395 0.007776999 -0.8899345 1.806872 0.05235789 0.00873862 1 1 1
MDL_t0 pelvis
0 0 0 -1.570796 1.370907E-06 -1.570795 1 1 1
MDL_t0 spine
0.1104031 -0.0001796309 1.730864E-06 0.1404032 1.788488E-06 -0.008724768 1 1 1
MDL_t0 l thigh
-0.109443 0.0145559 0.1241145 -2.243585 0.1424681 -2.695844 1 1 1
MDL_t0 l calf
0.4816755 1.747289E-08 1.729664E-08 -0.8496844 2.933164E-08 -1.117851E-08 1 1 1
MDL_t0 l foot
0.4606186 -2.808257E-08 2.347207E-10 0.1100304 0.2273359 -0.09287377 1 1 1
MDL_t0 l toe0
0.08902713 0.133493 -1.688333E-08 1.570796 -7.993606E-15 -1.056457E-08 1 1 1
MDL_t0 r thigh
-0.1091401 0.01670006 -0.1241144 -2.697033 -0.3126946 2.636693 1 1 1
MDL_t0 r calf
0.4816755 2.897853E-09 1.572575E-08 -0.7356834 1.422014E-08 -4.988053E-08 1 1 1
MDL_t0 r foot
0.4606186 1.071296E-08 1.122462E-08 0.541324 -0.3026635 -0.3033346 1 1 1
MDL_t0 r toe0
0.08902714 0.133493 -2.76429E-08 1.570796 3.552714E-15 3.668379E-08 1 1 1
MDL_t0 spine1
0.227911 -0.0001940859 1.691515E-06 0.1396216 -6.558315E-06 -0.008720673 1 1 1
MDL_t0 neck
0.2461349 -5.687284E-05 -9.930202E-07 -0.02236542 0.02182287 0.01694721 1 1 1
MDL_t0 head
0.07141747 1.832301E-08 1.568003E-09 -0.185918 0.03693432 0.2017514 1 1 1
MDL_t0 l clavicle
-0.02955496 0.0002995561 0.05253514 -2.384246 -1.531132 -1.070664 1 1 1
MDL_t0 l upperarm
0.1768139 -2.318004E-09 -1.260553E-07 0.0959566 -0.8249327 0.09851437 1 1 1
MDL_t0 l forearm
0.2532116 1.11211E-08 3.230064E-08 -1.058536 -2.533986E-08 1.775523E-08 1 1 1
MDL_t0 l hand
0.2580419 2.084182E-09 -4.140638E-08 0.3938941 0.1561826 -1.758126 1 1 1
MDL_t0 l finger0
0.07782795 6.683384E-09 -1.542915E-08 0.7766715 -1.871376E-08 -0.0007962145 1 1 1
MDL_cbu4sld2
0.1416406 0.001489725 0.09409722 -1.299931E-06 0.0134477 -0.0001517422 1 1 1
MDL_cbu4sld1
0.1496268 0.02240756 0.001578794 0.01329284 0.5937609 0.02782775 1 1 1
MDL_t0 r clavicle
-0.03177912 -0.001508916 -0.05119696 -2.960835 1.40012 -0.519645 1 1 1
MDL_t0 r upperarm
0.1768139 3.412173E-09 1.240738E-08 -0.01068449 0.9620972 -0.162605 1 1 1
MDL_t0 r forearm
0.2532116 1.054741E-08 -2.557402E-08 -0.5866057 3.910735E-08 -6.263459E-09 1 1 1
MDL_t0 r hand
0.2580419 4.383189E-09 1.850187E-08 0.3693765 -0.9415827 1.590706 1 1 1
MDL_t0 r finger0
0.07782795 8.944176E-10 -1.197489E-08 0.7679448 -2.307934E-08 0.0007962495 1 1 1
MDL_cbu4body2
-0.1582899 -0.1891451 0.05396621 0.002328345 -1.221729 3.139406 1 1 1
MDL_cbu4body
-0.9991149 1.746687E-09 -0.0003071646 -3.140364 -1.570795 -0.001211416 1 1 1
ANM_cbu4mag1
36
MDL_t0
0.01248697 0.8953865 -9.986026E-05 -1.806544 0.003743717 -1.517847 1 1 1
MDL_t0 footsteps
0.0466395 0.007776999 -0.8899345 1.806872 0.05235789 0.00873862 1 1 1
MDL_t0 pelvis
0 0 0 -1.570796 1.370907E-06 -1.570795 1 1 1
MDL_t0 spine
0.1104031 -0.0001796309 1.730864E-06 0.1404032 1.789478E-06 -0.008724775 1 1 1
MDL_t0 l thigh
-0.109443 0.0145559 0.1241145 -2.243585 0.1424681 -2.695845 1 1 1
MDL_t0 l calf
0.4816755 -2.040904E-08 1.620015E-08 -0.8496844 2.945874E-08 -2.308029E-09 1 1 1
MDL_t0 l foot
0.4606186 -1.523813E-08 8.441306E-09 0.1100304 0.2273357 -0.09287398 1 1 1
MDL_t0 l toe0
0.08902715 0.133493 2.139207E-08 1.570796 1.64313E-14 6.364075E-09 1 1 1
MDL_t0 r thigh
-0.1091401 0.01670006 -0.1241144 -2.697033 -0.3126947 2.636693 1 1 1
MDL_t0 r calf
0.4816755 1.627566E-08 -8.95149E-09 -0.7356834 -2.106825E-08 -1.111078E-08 1 1 1
MDL_t0 r foot
0.4606186 -4.365246E-09 -9.730675E-09 0.541324 -0.3026635 -0.3033344 1 1 1
MDL_t0 r toe0
0.08902714 0.133493 2.559224E-10 1.570796 3.552714E-15 3.668379E-08 1 1 1
MDL_t0 spine1
0.227911 -0.000194081 1.6909E-06 0.1396216 -6.558432E-06 -0.008720665 1 1 1
MDL_t0 neck
0.2461349 -5.686692E-05 -9.935783E-07 -0.02236542 0.02182288 0.01694723 1 1 1
MDL_t0 head
0.07141747 3.29688E-08 1.744543E-09 -0.185918 0.03693431 0.2017514 1 1 1
MDL_t0 l clavicle
-0.02955496 0.0002995751 0.05253514 -2.384246 -1.531132 -1.070664 1 1 1
MDL_t0 l upperarm
0.1768139 -6.09233E-09 -1.318117E-07 0.09595643 -0.8249328 0.09851448 1 1 1
MDL_t0 l forearm
0.2532116 -8.728347E-09 -5.920122E-09 -1.058536 -5.089872E-09 1.64692E-09 1 1 1
MDL_t0 l hand
0.2580418 -2.158889E-08 2.223576E-08 0.3938941 0.1561826 -1.758126 1 1 1
MDL_t0 l finger0
0.07782795 1.060728E-08 -1.835599E-08 0.7766715 1.06229E-08 -0.0007962276 1 1 1
MDL_cbu4sld2
0.1416406 0.00148973 0.0940972 -1.297918E-06 0.01344767 -0.0001517668 1 1 1
MDL_cbu4sld1
0.1496268 0.02240754 0.001578795 0.01329282 0.5937609 0.02782774 1 1 1
MDL_t0 r clavicle
-0.03177912 -0.001508908 -0.05119696 -2.960835 1.40012 -0.5196449 1 1 1
MDL_t0 r upperarm
0.1768139 9.789881E-10 1.122509E-08 -0.0106845 0.9620972 -0.162605 1 1 1
MDL_t0 r forearm
0.2532116 1.054741E-08 -2.557402E-08 -0.5866057 3.910735E-08 -6.263459E-09 1 1 1
MDL_t0 r hand
0.2580419 4.383189E-09 1.850187E-08 0.3693765 -0.9415826 1.590706 1 1 1
MDL_t0 r finger0
0.07782795 1.093099E-08 -4.015067E-10 0.7679448 1.362059E-08 0.0007962568 1 1 1
MDL_cbu4body2
-0.1582898 -0.1891451 0.05396621 0.002328348 -1.221729 3.139406 1 1 1
MDL_cbu4body
-0.9991149 1.746687E-09 -0.0003071646 -3.140364 -1.570795 -0.001211416 1 1 1
ANM_cbu4nut0
35
MDL_t0
0.01248697 0.8953865 -9.986026E-05 -1.806544 0.003743717 -1.517847 1 1 1
MDL_t0 footsteps
0.04663951 0.007777001 -0.8899348 1.806872 0.05235789 0.00873862 1 1 1
MDL_t0 pelvis
0 0 0 -1.570796 1.370907E-06 -1.570795 1 1 1
MDL_t0 spine
0.1104031 -0.0001796309 1.730864E-06 0.1404032 1.789478E-06 -0.008724775 1 1 1
MDL_t0 l thigh
-0.109443 0.0145559 0.1241145 -2.243585 0.1424683 -2.695844 1 1 1
MDL_t0 l calf
0.4816755 9.550701E-09 6.134264E-10 -0.8496829 2.31053E-10 1.010705E-08 1 1 1
MDL_t0 l foot
0.4606186 7.149139E-09 1.143981E-08 0.1100296 0.2273361 -0.09287376 1 1 1
MDL_t0 l toe0
0.08902714 0.133493 -1.926765E-08 1.570796 -1.221245E-14 6.364087E-09 1 1 1
MDL_t0 r thigh
-0.1091401 0.01670006 -0.1241144 -2.697034 -0.312695 2.636693 1 1 1
MDL_t0 r calf
0.4816754 -5.179072E-09 1.179527E-08 -0.7356818 -1.314345E-08 -2.103435E-08 1 1 1
MDL_t0 r foot
0.4606186 3.630831E-08 1.544916E-08 0.5413232 -0.302664 -0.3033344 1 1 1
MDL_t0 r toe0
0.08902714 0.133493 -1.110119E-08 1.570796 3.552714E-15 3.668379E-08 1 1 1
MDL_t0 spine1
0.227911 -0.0001940811 1.691478E-06 0.1396215 -6.558781E-06 -0.008720665 1 1 1
MDL_t0 neck
0.2461349 -5.685714E-05 -9.87297E-07 -0.02236542 0.02182288 0.01694723 1 1 1
MDL_t0 head
0.07141753 2.915479E-08 9.040202E-10 -0.185918 0.03693432 0.2017514 1 1 1
MDL_t0 l clavicle
-0.0295549 0.0002995677 0.05253514 -2.384246 -1.531132 -1.070664 1 1 1
MDL_t0 l upperarm
0.1768139 9.06453E-09 -6.806852E-08 0.09595659 -0.8249327 0.09851441 1 1 1
MDL_t0 l forearm
0.2532116 -2.702588E-08 3.230064E-08 -1.058536 -2.533986E-08 1.775523E-08 1 1 1
MDL_t0 l hand
0.2580418 3.330823E-08 -1.956672E-08 0.3938941 0.1561826 -1.758126 1 1 1
MDL_t0 l finger0
0.07782795 -1.940265E-08 -2.700784E-08 0.7766715 -1.871376E-08 -0.0007962145 1 1 1
MDL_cbu4sld2
0.1416406 0.001489687 0.09409722 -1.299931E-06 0.0134477 -0.0001517422 1 1 1
MDL_cbu4sld1
0.1496268 0.02240756 0.001578853 0.01329285 0.5937609 0.02782775 1 1 1
MDL_t0 r clavicle
-0.03177906 -0.001508914 -0.05119696 -2.960835 1.40012 -0.5196449 1 1 1
MDL_t0 r upperarm
0.1768139 -5.635838E-09 -5.079897E-08 -0.01068452 0.9620972 -0.162605 1 1 1
MDL_t0 r forearm
0.2532116 -2.106792E-09 -2.54081E-08 -0.5866058 5.003624E-08 -2.443894E-09 1 1 1
MDL_t0 r hand
0.2580419 1.309099E-08 4.270907E-08 0.3693764 -0.9415827 1.590706 1 1 1
MDL_t0 r finger0
0.07782798 1.564836E-08 -2.814779E-09 0.7679448 -1.472654E-08 0.000796247 1 1 1
MDL_cbu4body2
-0.1582898 -0.1891451 0.05396619 0.002328334 -1.221729 3.139406 1 1 1
MDL_cbu4body
-0.9991149 1.746687E-09 -0.0003071646 -3.140364 -1.570795 -0.001211416 1 1 1
ANM_cbu4nut1
35
MDL_t0
0.01248697 0.89119 -9.98605E-05 -1.806544 0.003743717 -1.517847 1 1 1
MDL_t0 footsteps
0.04663951 0.007777001 -0.8899348 1.806872 0.05235789 0.00873862 1 1 1
MDL_t0 pelvis
0 0 0 -1.570796 1.370907E-06 -1.570795 1 1 1
MDL_t0 spine
0.1104031 -0.000179631 1.730808E-06 0.1404032 1.788023E-06 -0.008724768 1 1 1
MDL_t0 l thigh
-0.109443 0.0145559 0.1241145 -2.243585 0.1424681 -2.695844 1 1 1
MDL_t0 l calf
0.4816755 1.206044E-08 1.119931E-08 -0.8496837 -5.050084E-09 -5.100108E-09 1 1 1
MDL_t0 l foot
0.4606186 -1.676856E-08 -1.271959E-08 0.109928 0.2275543 -0.09279189 1 1 1
MDL_t0 l toe0
0.08902715 0.133493 1.245319E-08 1.570796 -4.033662E-12 1.219948E-08 1 1 1
MDL_t0 r thigh
-0.1091401 0.01670005 -0.1241144 -2.697033 -0.3126947 2.636693 1 1 1
MDL_t0 r calf
0.4816755 5.09459E-09 1.109259E-08 -0.7356833 -1.501934E-08 -5.927638E-09 1 1 1
MDL_t0 r foot
0.4606186 -3.749835E-08 1.889887E-08 0.5409706 -0.3028188 -0.303248 1 1 1
MDL_t0 r toe0
0.08902714 0.133493 -1.174606E-08 1.570796 -1.267519E-11 2.760829E-08 1 1 1
MDL_t0 spine1
0.2279111 -0.0001940926 1.694038E-06 0.1396216 -6.561807E-06 -0.008720673 1 1 1
MDL_t0 neck
0.2461349 -5.685337E-05 -9.946646E-07 -0.02236543 0.02182287 0.0169472 1 1 1
MDL_t0 head
0.07141756 2.317232E-08 2.068534E-09 -0.185918 0.03693433 0.2017514 1 1 1
MDL_t0 l clavicle
-0.02955488 0.000299558 0.05253514 -2.384246 -1.531132 -1.070665 1 1 1
MDL_t0 l upperarm
0.1768139 -4.193174E-08 -2.269099E-08 0.09595645 -0.8249328 0.09851445 1 1 1
MDL_t0 l forearm
0.2532117 -1.342597E-08 3.886883E-09 -1.058536 -5.089872E-09 1.64692E-09 1 1 1
MDL_t0 l hand
0.2580418 -3.264395E-08 4.433101E-08 0.3938942 0.1561826 -1.758126 1 1 1
MDL_t0 l finger0
0.07782795 7.412309E-09 -6.121461E-09 0.7766715 8.58563E-09 -0.0007962168 1 1 1
MDL_cbu4sld2
0.1416406 0.001489726 0.0940972 -1.297918E-06 0.01344767 -0.0001517668 1 1 1
MDL_cbu4sld1
0.1496268 0.02240752 0.001578897 0.01329284 0.5937609 0.02782775 1 1 1
MDL_t0 r clavicle
-0.03177903 -0.001508914 -0.05119696 -2.960835 1.40012 -0.5196449 1 1 1
MDL_t0 r upperarm
0.1768139 4.20824E-09 -1.784837E-08 -0.0106845 0.9620972 -0.162605 1 1 1
MDL_t0 r forearm
0.2532116 1.646978E-08 -3.958899E-08 -0.5866057 3.910735E-08 -6.263459E-09 1 1 1
MDL_t0 r hand
0.2580419 5.130794E-09 4.486898E-09 0.3693765 -0.9415826 1.590706 1 1 1
MDL_t0 r finger0
0.07782802 1.266272E-08 -1.456029E-09 0.7679448 1.362059E-08 0.0007962568 1 1 1
MDL_cbu4body2
-0.1582899 -0.1891451 0.05396622 0.002328345 -1.221729 3.139406 1 1 1
MDL_cbu4body
-0.9991148 2.206256E-09 -0.0003071645 -3.140364 -1.570795 -0.001211416 1 1 1
ANM_cbu4nut2
35
MDL_t0
-0.02903452 0.9962503 -0.160539 -1.935432 -0.1810369 -1.485797 1 1 1
MDL_t0 footsteps
0.01522103 0.1963529 -0.9725444 1.929246 0.01533998 0.1992181 1 1 1
MDL_t0 pelvis
0 0 0 -1.570796 1.370907E-06 -1.570795 1 1 1
MDL_t0 spine
0.1103678 -0.0001779879 -3.346953E-05 -0.05570922 -0.1800738 0.1967285 1 1 1
MDL_t0 l thigh
-0.1315428 0.01714412 0.09998771 -2.654802 0.1458879 -2.887804 1 1 1
MDL_t0 l calf
0.4816755 1.665081E-09 -2.843853E-09 -0.500541 -4.790403E-09 -6.366033E-10 1 1 1
MDL_t0 l foot
0.4606186 -6.141859E-09 -2.386827E-09 -0.01313305 0.1225057 -0.2169909 1 1 1
MDL_t0 l toe0
0.08902714 0.133493 -7.826575E-09 1.570796 -1.104097E-10 5.181735E-09 1 1 1
MDL_t0 r thigh
-0.08530609 -0.02887429 -0.1395258 -3.08397 -0.1287387 2.770289 1 1 1
MDL_t0 r calf
0.4816755 -1.093235E-09 9.452713E-09 -0.246068 5.759959E-09 2.835478E-08 1 1 1
MDL_t0 r foot
0.4606186 6.950388E-09 -1.93321E-08 0.1689776 -0.1467644 -0.01194474 1 1 1
MDL_t0 r toe0
0.08902713 0.133493 2.380398E-08 1.570796 1.157863E-10 5.995586E-09 1 1 1
MDL_t0 spine1
0.2278877 -0.0001953008 -1.594687E-05 0.02012723 -0.005791496 0.08137943 1 1 1
MDL_t0 neck
0.2461472 -5.577716E-05 -9.871295E-07 0.1961503 0.08199756 0.03390708 1 1 1
MDL_t0 head
0.07141748 3.625045E-09 -5.377583E-10 0.0347336 -0.07145015 0.06465785 1 1 1
MDL_t0 l clavicle
-0.02547871 0.006937701 0.05419395 1.427794 -1.374716 1.68205 1 1 1
MDL_t0 l upperarm
0.1768139 -9.697493E-09 2.677452E-08 -0.1657471 -1.176247 0.597193 1 1 1
MDL_t0 l forearm
0.2532118 -9.041449E-09 -2.584426E-09 -0.6195958 -6.579155E-09 -1.058465E-08 1 1 1
MDL_t0 l hand
0.2580418 1.480331E-09 1.957197E-08 0.3907994 0.02382069 -1.978076 1 1 1
MDL_t0 l finger0
0.07782795 -7.598022E-09 -1.391058E-08 0.6195922 7.232301E-09 -0.0007962689 1 1 1
MDL_cbu4sld2
0.1416407 0.001489711 0.09409719 -1.332612E-06 0.01344769 -0.000151767 1 1 1
MDL_cbu4sld1
0.1496268 0.02240753 0.001578827 0.01329286 0.5937609 0.02782778 1 1 1
MDL_t0 r clavicle
-0.03449602 0.005143085 -0.04916963 2.432216 1.289513 -0.8478707 1 1 1
MDL_t0 r upperarm
0.1768139 -4.851696E-09 4.692407E-08 -0.1545121 0.9594675 -0.6505135 1 1 1
MDL_t0 r forearm
0.2532117 2.061857E-09 1.980127E-08 -0.505279 2.123317E-08 -1.812209E-08 1 1 1
MDL_t0 r hand
0.2580419 -2.338542E-08 -4.385092E-09 0.3522345 -1.013342 1.749581 1 1 1
MDL_t0 r finger0
0.07782798 -2.852285E-08 -2.502104E-08 0.7679448 5.675247E-09 0.0007962648 1 1 1
MDL_cbu4body2
-0.15829 -0.1891451 0.05396621 0.002328269 -1.221729 3.139406 1 1 1
MDL_cbu4body
-0.9991148 -1.210239E-09 -0.0003071859 3.14128 -1.570795 0.0003049274 1 1 1
ANM_cbu4nut3
35
MDL_t0
-0.02903452 0.9962503 -0.160539 -1.935432 -0.1810369 -1.485797 1 1 1
MDL_t0 footsteps
0.01522103 0.196353 -0.9725445 1.929246 0.01533998 0.1992181 1 1 1
MDL_t0 pelvis
0 0 0 -1.570796 1.370907E-06 -1.570795 1 1 1
MDL_t0 spine
0.1103678 -0.0001779881 -3.346899E-05 -0.0557092 -0.1800737 0.1967285 1 1 1
MDL_t0 l thigh
-0.1315428 0.01714411 0.09998771 -2.654802 0.1458879 -2.887804 1 1 1
MDL_t0 l calf
0.4816755 1.053111E-08 -1.116914E-08 -0.500541 -3.433791E-10 -5.017235E-09 1 1 1
MDL_t0 l foot
0.4606186 -9.32922E-09 1.57799E-09 -0.01313309 0.1225053 -0.2169906 1 1 1
MDL_t0 l toe0
0.08902715 0.133493 4.147773E-09 1.570796 9.115375E-12 -9.094375E-09 1 1 1
MDL_t0 r thigh
-0.08530609 -0.02887429 -0.1395258 -3.08397 -0.1287387 2.770289 1 1 1
MDL_t0 r calf
0.4816755 -4.006835E-09 5.018169E-09 -0.246068 -4.375471E-09 2.276049E-08 1 1 1
MDL_t0 r foot
0.4606186 1.697029E-08 -8.265308E-09 0.1689776 -0.1467644 -0.01194465 1 1 1
MDL_t0 r toe0
0.08902713 0.133493 -1.4343E-08 1.570796 1.157863E-10 5.995586E-09 1 1 1
MDL_t0 spine1
0.2278877 -0.0001953038 -1.594703E-05 0.02012723 -0.005791495 0.08137944 1 1 1
MDL_t0 neck
0.2461472 -5.578225E-05 -9.848201E-07 0.1961502 0.08199757 0.03390707 1 1 1
MDL_t0 head
0.07141759 3.731724E-09 4.131293E-09 0.03473359 -0.07145023 0.06465784 1 1 1
MDL_t0 l clavicle
-0.0254786 0.006937704 0.05419396 1.427794 -1.374716 1.68205 1 1 1
MDL_t0 l upperarm
0.1768139 3.177991E-09 1.308386E-07 -0.1657472 -1.176247 0.5971929 1 1 1
MDL_t0 l forearm
0.2532117 -5.266832E-08 -1.858306E-08 -0.6195957 -1.43506E-09 7.149852E-09 1 1 1
MDL_t0 l hand
0.2580419 5.856984E-09 4.882592E-08 0.3907993 0.0238207 -1.978076 1 1 1
MDL_t0 l finger0
0.07782795 -5.88571E-09 -1.419671E-08 0.6195922 4.816684E-09 -0.0007962709 1 1 1
MDL_cbu4sld2
0.1416407 0.00148966 0.09409719 -1.316376E-06 0.01344769 -0.0001517572 1 1 1
MDL_cbu4sld1
0.1496268 0.02240754 0.001578775 0.01329286 0.5937609 0.02782777 1 1 1
MDL_t0 r clavicle
-0.03449578 0.005143057 -0.04916964 2.432216 1.289513 -0.8478707 1 1 1
MDL_t0 r upperarm
0.1768139 -6.845414E-09 1.278956E-07 -0.1545122 0.9594675 -0.6505136 1 1 1
MDL_t0 r forearm
0.2532117 -1.280744E-08 -2.494204E-08 -0.505279 2.123317E-08 -1.812209E-08 1 1 1
MDL_t0 r hand
0.2580418 -1.013065E-08 2.716555E-08 0.3522345 -1.013343 1.749581 1 1 1
MDL_t0 r finger0
0.07782798 -5.98822E-08 -4.332092E-08 0.7679448 -3.317837E-09 0.0007962523 1 1 1
MDL_cbu4body2
-0.1582899 -0.1891451 0.05396621 0.002328274 -1.221729 3.139406 1 1 1
MDL_cbu4body
-0.9991148 -1.210239E-09 -0.0003071859 3.14128 -1.570795 0.0003049274 1 1 1
ANM_cbu4nut4
35
MDL_t0
-0.126193 0.9961678 -0.1675055 -2.043545 0.002252581 -1.567007 1 1 1
MDL_t0 footsteps
0.004365372 -0.0002777352 -0.9921923 2.043548 0.004399691 -0.0002799279 1 1 1
MDL_t0 pelvis
0 0 0 -1.570797 1.341105E-06 -1.815141 1 1 1
MDL_t0 spine
0.1070889 -0.0001800606 -0.02672214 -0.05692525 -0.1521599 0.1166684 1 1 1
MDL_t0 l thigh
-0.1293576 0.01039465 0.1318323 -2.756306 0.3697385 -2.82234 1 1 1
MDL_t0 l calf
0.4816755 -6.351487E-09 5.215714E-09 -0.3511676 -1.69815E-08 1.76438E-09 1 1 1
MDL_t0 l foot
0.4606186 -5.128541E-09 -5.671743E-09 -0.1220466 0.2392823 -0.3622069 1 1 1
MDL_t0 l toe0
0.08902715 0.133493 -5.860073E-09 1.570796 -1.660871E-10 1.26689E-08 1 1 1
MDL_t0 r thigh
-0.09040322 -0.01632859 -0.1118697 3.107957 0.02197386 2.840731 1 1 1
MDL_t0 r calf
0.4816755 -5.540819E-09 2.252259E-08 -0.2023239 2.808988E-09 -2.503283E-08 1 1 1
MDL_t0 r foot
0.4606186 1.163931E-08 2.753221E-09 0.1906813 -0.04315526 -0.1188005 1 1 1
MDL_t0 r toe0
0.08902713 0.133493 2.991899E-09 1.570796 1.966747E-10 -4.07234E-08 1 1 1
MDL_t0 spine1
0.2278921 -0.0001957403 -5.5268E-06 0.04202979 -0.03995714 0.02660123 1 1 1
MDL_t0 neck
0.2461403 -5.587226E-05 -9.70723E-06 0.07517068 -0.04676044 0.1686397 1 1 1
MDL_t0 head
0.07141749 1.262363E-08 1.494641E-09 0.02249311 0.04294658 -0.4351399 1 1 1
MDL_t0 l clavicle
-0.03228949 0.01124594 0.04965566 2.812951 -1.330497 0.2995539 1 1 1
MDL_t0 l upperarm
0.1768139 -6.534096E-09 8.994353E-08 0.04575101 -1.196768 0.1103629 1 1 1
MDL_t0 l forearm
0.2532116 1.003923E-08 -5.234745E-09 -0.7748659 5.618215E-09 9.626789E-09 1 1 1
MDL_t0 l hand
0.2580418 -6.936315E-09 4.310571E-09 0.4525306 0.1921269 -1.158087 1 1 1
MDL_t0 l finger0
0.07782798 -7.620848E-09 -2.698448E-09 -0.436332 -1.97906E-08 -0.0007962777 1 1 1
MDL_cbu4sld2
0.1416406 0.001489716 0.09409717 -1.308027E-06 0.01344768 -0.0001517525 1 1 1
MDL_cbu4sld1
0.1496268 0.02240753 0.001578903 0.01329286 0.5937609 0.02782777 1 1 1
MDL_t0 r clavicle
-0.02882916 -0.006480897 -0.05253215 2.804697 1.302029 -0.7047931 1 1 1
MDL_t0 r upperarm
0.1768139 1.924937E-08 7.479806E-08 -0.3105567 0.7027591 -0.9727367 1 1 1
MDL_t0 r forearm
0.2532117 -1.040696E-07 3.007369E-08 -0.7790067 -2.10076E-08 6.560753E-09 1 1 1
MDL_t0 r hand
0.2580417 3.002373E-08 -1.613843E-09 -0.4236946 -0.7791234 1.622859 1 1 1
MDL_t0 r finger0
0.07782801 -2.900424E-08 9.120541E-09 0.7679448 -4.016329E-08 0.0007962419 1 1 1
MDL_cbu4body2
-0.1582899 -0.1891451 0.05396621 0.002328272 -1.221729 3.139406 1 1 1
MDL_cbu4body
-0.9991147 -7.252689E-09 -0.0003071623 3.139425 -1.570795 0.002129596 1 1 1
ANM_cbu4run0
36
MDL_t0
0.01668098 0.9182897 0.0624866 -1.665158 0.01871209 -1.361471 1 1 1
MDL_t0 footsteps
0.1915555 0.001247148 -0.8980873 1.66727 0.2101435 0.001388679 1 1 1
MDL_t0 pelvis
0 0 0 -1.570796 1.370907E-06 -1.570795 1 1 1
MDL_t0 spine
0.1104399 -0.0001700341 -1.173289E-05 0.3497693 2.325512E-06 0.06979502 1 1 1
MDL_t0 l thigh
-0.1007281 0.04613768 0.1238171 -2.083487 -0.1349334 3.128166 1 1 1
MDL_t0 l calf
0.4816755 -2.465739E-08 3.415371E-09 -0.9677002 -1.028434E-09 -3.286328E-09 1 1 1
MDL_t0 l foot
0.4606186 9.362664E-09 -4.077076E-09 0.4804059 -0.05916971 -0.1214255 1 1 1
MDL_t0 l toe0
0.08902714 0.133493 9.543071E-10 1.570796 2.657874E-13 -3.040842E-09 1 1 1
MDL_t0 r thigh
-0.1066609 0.02987394 -0.1238168 -2.058361 0.0692772 3.054343 1 1 1
MDL_t0 r calf
0.4816756 -3.396904E-08 -1.558547E-09 -1.843662 -6.436315E-10 2.000788E-09 1 1 1
MDL_t0 r foot
0.4606186 4.720897E-08 8.41713E-09 0.00137389 -0.01996507 0.03160596 1 1 1
MDL_t0 r toe0
0.08902713 0.133493 7.146802E-10 1.570796 -7.593503E-09 1.771052E-09 1 1 1
MDL_t0 spine1
0.2279213 -0.0001919549 -1.341711E-05 0.1919651 5.605072E-05 0.0697991 1 1 1
MDL_t0 neck
0.2461348 -5.648051E-05 5.682921E-06 -0.02236154 0.02172928 -0.1007716 1 1 1
MDL_t0 head
0.07141764 -6.848051E-08 -1.56437E-09 -0.5555637 -0.01421141 0.04962606 1 1 1
MDL_t0 l clavicle
-0.02942875 -0.005798387 0.05227951 -0.7104439 -1.528731 -2.758481 1 1 1
MDL_t0 l upperarm
0.1768139 3.536648E-09 3.242876E-08 -0.06653208 -0.8761614 -0.1573354 1 1 1
MDL_t0 l forearm
0.2532117 2.285942E-08 4.960296E-09 -0.7952513 2.045238E-08 -9.115755E-09 1 1 1
MDL_t0 l hand
0.2580419 -1.793622E-08 -6.620077E-08 0.8384183 -0.4222544 -1.835607 1 1 1
MDL_t0 l finger0
0.07782797 5.929778E-09 1.512065E-09 -0.1745329 -5.689799E-09 -0.0007962665 1 1 1
MDL_cbu4sld2
0.1416406 0.001489697 0.0940972 -1.292605E-06 0.01344771 -0.000151736 1 1 1
MDL_cbu4sld1
0.1496268 0.02240757 0.001578883 0.01329284 0.593761 0.02782773 1 1 1
MDL_t0 r clavicle
-0.03190499 0.004588768 -0.05094134 -2.96759 1.396703 -0.4086362 1 1 1
MDL_t0 r upperarm
0.176814 8.390153E-08 -2.869922E-08 -0.1601099 1.100151 -0.1845489 1 1 1
MDL_t0 r forearm
0.2532117 9.111614E-10 1.424956E-08 -0.5866061 -2.233578E-08 -1.263711E-08 1 1 1
MDL_t0 r hand
0.2580419 -2.014625E-09 2.650891E-08 0.2571944 -0.01721482 1.240963 1 1 1
MDL_t0 r finger0
0.077828 2.959273E-08 1.612395E-08 0.7679448 -3.317837E-09 0.0007962761 1 1 1
MDL_cbu4body2
-0.1582899 -0.1891451 0.0539662 0.002328335 -1.221729 3.139406 1 1 1
MDL_cbu4body
-0.9991148 2.757239E-09 -0.0003071637 3.140839 -1.570795 0.0007383936 1 1 1
ANM_cbu4ski2
35
MDL_t0
0.01248697 0.8953865 -9.986026E-05 -1.806544 0.003743657 -1.517847 1 1 1
MDL_t0 footsteps
0.0466395 0.007777002 -0.8899347 1.806872 0.05235789 0.008738623 1 1 1
MDL_t0 pelvis
0 0 0 -1.570796 1.370907E-06 -1.570795 1 1 1
MDL_t0 spine
0.1104031 -0.0001796325 1.730413E-06 0.1404032 1.789012E-06 -0.008724769 1 1 1
MDL_t0 l thigh
-0.109443 0.0145559 0.1241145 -2.243585 0.1424684 -2.695844 1 1 1
MDL_t0 l calf
0.4816755 -7.662643E-09 6.36551E-09 -0.8496838 -1.026107E-08 1.464892E-08 1 1 1
MDL_t0 l foot
0.4606186 -2.968849E-09 2.773379E-09 0.1100299 0.227336 -0.09287386 1 1 1
MDL_t0 l toe0
0.08902714 0.133493 -7.150981E-09 1.570796 -1.421085E-14 -1.692867E-08 1 1 1
MDL_t0 r thigh
-0.10914 0.01670005 -0.1241144 -2.697033 -0.312695 2.636693 1 1 1
MDL_t0 r calf
0.4816754 6.275891E-09 1.30169E-08 -0.735683 -1.913803E-08 -2.722284E-08 1 1 1
MDL_t0 r foot
0.4606186 1.646474E-08 3.75465E-08 0.5413243 -0.3026637 -0.3033348 1 1 1
MDL_t0 r toe0
0.08902714 0.133493 2.943966E-10 1.570796 -4.440892E-15 -9.122361E-09 1 1 1
MDL_t0 spine1
0.2279111 -0.0001940912 1.692033E-06 0.1396216 -6.558606E-06 -0.008720666 1 1 1
MDL_t0 neck
0.2461349 -5.686697E-05 -9.906097E-07 -0.0223654 0.02182289 0.01694723 1 1 1
MDL_t0 head
0.07141748 1.426552E-08 1.311851E-09 -0.185918 0.03693432 0.2017514 1 1 1
MDL_t0 l clavicle
-0.02955496 0.0002995587 0.05253514 -2.384248 -1.531132 -1.070663 1 1 1
MDL_t0 l upperarm
0.1768139 2.119515E-09 -1.231265E-07 0.09595656 -0.8249326 0.0985144 1 1 1
MDL_t0 l forearm
0.2532116 2.811754E-09 3.792521E-08 -1.058536 -5.868037E-08 -4.847862E-09 1 1 1
MDL_t0 l hand
0.2580419 3.777259E-09 -4.133364E-08 0.3938941 0.1561826 -1.758126 1 1 1
MDL_t0 l finger0
0.07782796 -1.83987E-08 -1.564654E-08 0.7766716 1.688022E-09 -0.0007961994 1 1 1
MDL_cbu4sld2
0.1416406 0.001489723 0.09409723 -1.304534E-06 0.01344772 -0.0001517538 1 1 1
MDL_cbu4sld1
0.1496268 0.02240756 0.001578798 0.01329286 0.5937609 0.02782778 1 1 1
MDL_t0 r clavicle
-0.03177912 -0.001508921 -0.05119696 -2.960835 1.40012 -0.5196451 1 1 1
MDL_t0 r upperarm
0.1768139 1.298971E-08 1.395743E-08 -0.01068445 0.9620972 -0.1626049 1 1 1
MDL_t0 r forearm
0.2532116 -3.046448E-09 -1.286818E-08 -0.5866058 3.608968E-08 -3.567337E-08 1 1 1
MDL_t0 r hand
0.2580419 1.179488E-08 -1.22479E-09 0.3693765 -0.9415827 1.590706 1 1 1
MDL_t0 r finger0
0.07782797 2.892875E-09 -1.605264E-08 0.7679448 -1.484295E-09 0.0007962495 1 1 1
MDL_cbu4body2
-0.1582899 -0.1891451 0.05396621 0.002328282 -1.221729 3.139406 1 1 1
MDL_cbu4body
-0.9991149 -2.324755E-09 -0.0003071656 -3.138605 -1.570795 -0.002942122 1 1 1
ANM_cbu4ski3
35
MDL_t0
0.01248697 0.8953865 -9.986026E-05 -1.806544 0.003743806 -1.517847 1 1 1
MDL_t0 footsteps
0.04663948 0.007777002 -0.8899344 1.806872 0.05235789 0.008738621 1 1 1
MDL_t0 pelvis
0 0 0 -1.570796 1.370907E-06 -1.570795 1 1 1
MDL_t0 spine
0.1104031 -0.0001796346 1.729616E-06 0.1404032 1.790992E-06 -0.008724764 1 1 1
MDL_t0 l thigh
-0.109443 0.0145559 0.1241145 -2.243585 0.1424686 -2.695845 1 1 1
MDL_t0 l calf
0.4816755 -1.430079E-08 9.995495E-09 -0.8496848 3.625566E-08 -1.211953E-08 1 1 1
MDL_t0 l foot
0.4606186 -6.9922E-09 1.981614E-08 0.1100307 0.2273362 -0.092874 1 1 1
MDL_t0 l toe0
0.08902714 0.133493 1.643824E-08 1.570796 -2.664535E-15 1.056456E-08 1 1 1
MDL_t0 r thigh
-0.10914 0.01670005 -0.1241144 -2.697033 -0.3126951 2.636693 1 1 1
MDL_t0 r calf
0.4816755 2.056779E-09 2E-08 -0.735683 -6.166728E-08 1.741344E-08 1 1 1
MDL_t0 r foot
0.4606186 -2.343861E-08 -2.818981E-08 0.5413243 -0.3026636 -0.303335 1 1 1
MDL_t0 r toe0
0.08902713 0.133493 1.513346E-08 1.570796 -3.552714E-15 -1.843893E-08 1 1 1
MDL_t0 spine1
0.2279111 -0.000194096 1.69156E-06 0.1396218 -6.558839E-06 -0.008720657 1 1 1
MDL_t0 neck
0.2461349 -5.687032E-05 -9.928279E-07 -0.02236539 0.0218229 0.01694723 1 1 1
MDL_t0 head
0.0714175 2.011397E-08 1.091341E-09 -0.1859182 0.03693435 0.2017513 1 1 1
MDL_t0 l clavicle
-0.02955494 0.0002995672 0.05253514 -2.384246 -1.531132 -1.070665 1 1 1
MDL_t0 l upperarm
0.1768139 3.817929E-09 -9.560942E-08 0.09595654 -0.8249325 0.09851421 1 1 1
MDL_t0 l forearm
0.2532116 2.178693E-08 1.419528E-09 -1.058536 -2.163819E-08 -2.656333E-08 1 1 1
MDL_t0 l hand
0.2580419 6.387784E-09 -2.588067E-09 0.3938941 0.1561826 -1.758126 1 1 1
MDL_t0 l finger0
0.07782798 -7.828038E-09 -3.597969E-08 0.7766715 -1.13796E-08 -0.0007962261 1 1 1
MDL_cbu4sld2
0.1416406 0.001489723 0.09409719 -1.297976E-06 0.01344774 -0.0001517688 1 1 1
MDL_cbu4sld1
0.1496268 0.02240757 0.001578815 0.01329285 0.5937609 0.02782777 1 1 1
MDL_t0 r clavicle
-0.0317791 -0.001508915 -0.05119696 -2.960835 1.40012 -0.519645 1 1 1
MDL_t0 r upperarm
0.1768139 1.810068E-09 8.791198E-08 -0.01068452 0.9620973 -0.1626048 1 1 1
MDL_t0 r forearm
0.2532116 5.288478E-09 -1.230215E-08 -0.5866058 2.050227E-08 -2.343695E-08 1 1 1
MDL_t0 r hand
0.2580419 -1.132887E-08 -1.659153E-08 0.3693764 -0.9415827 1.590706 1 1 1
MDL_t0 r finger0
0.077828 2.679633E-08 -1.817342E-08 0.7679448 4.802132E-09 0.0007962594 1 1 1
MDL_cbu4body2
-0.1582898 -0.1891451 0.05396621 0.00232826 -1.221729 3.139406 1 1 1
MDL_cbu4body
-0.9991149 -4.406972E-09 -0.0003071644 -3.138279 -1.570795 -0.003263052 1 1 1
ANM_cbu4ski4
35
MDL_t0
0.01248697 0.8953865 -9.986026E-05 -1.806544 0.003743806 -1.517847 1 1 1
MDL_t0 footsteps
0.04663949 0.007777003 -0.8899345 1.806872 0.05235789 0.008738621 1 1 1
MDL_t0 pelvis
0 0 0 -1.570796 1.370907E-06 -1.570795 1 1 1
MDL_t0 spine
0.1104031 -0.0001796349 1.730775E-06 0.1404032 1.789187E-06 -0.008724764 1 1 1
MDL_t0 l thigh
-0.109443 0.0145559 0.1241145 -2.243585 0.1424686 -2.695845 1 1 1
MDL_t0 l calf
0.4816755 2.92338E-08 5.289874E-09 -0.8496838 1.507308E-08 -1.271826E-08 1 1 1
MDL_t0 l foot
0.4606186 5.163723E-09 -7.085762E-09 0.1100295 0.2273363 -0.09287428 1 1 1
MDL_t0 l toe0
0.08902713 0.133493 -6.787767E-09 1.570796 1.953993E-14 -1.801047E-08 1 1 1
MDL_t0 r thigh
-0.10914 0.01670005 -0.1241144 -2.697033 -0.312695 2.636693 1 1 1
MDL_t0 r calf
0.4816755 1.686189E-08 5.186168E-09 -0.735683 -1.191159E-08 1.637826E-08 1 1 1
MDL_t0 r foot
0.4606186 -9.008423E-09 -2.389907E-08 0.541324 -0.3026638 -0.303335 1 1 1
MDL_t0 r toe0
0.08902714 0.133493 -1.424258E-08 1.570796 7.105427E-15 1.35864E-08 1 1 1
MDL_t0 spine1
0.2279111 -0.0001940912 1.69107E-06 0.1396217 -6.559188E-06 -0.008720679 1 1 1
MDL_t0 neck
0.2461349 -5.686454E-05 -9.882646E-07 -0.02236541 0.02182289 0.01694725 1 1 1
MDL_t0 head
0.07141756 2.260806E-08 -8.894716E-11 -0.1859181 0.03693433 0.2017513 1 1 1
MDL_t0 l clavicle
-0.02955488 0.000299556 0.05253514 -2.384246 -1.531132 -1.070665 1 1 1
MDL_t0 l upperarm
0.1768139 -8.920806E-09 -1.172212E-07 0.09595656 -0.8249326 0.09851427 1 1 1
MDL_t0 l forearm
0.2532116 -1.797569E-09 -1.086872E-08 -1.058536 -2.163819E-08 -2.656333E-08 1 1 1
MDL_t0 l hand
0.2580419 -1.26857E-08 -2.588067E-09 0.3938941 0.1561826 -1.758126 1 1 1
MDL_t0 l finger0
0.07782798 -7.828038E-09 -3.597969E-08 0.7766715 -5.587935E-09 -0.0007962273 1 1 1
MDL_cbu4sld2
0.1416406 0.001489699 0.09409717 -1.297976E-06 0.01344774 -0.0001517688 1 1 1
MDL_cbu4sld1
0.1496268 0.02240756 0.001578796 0.01329283 0.5937609 0.02782775 1 1 1
MDL_t0 r clavicle
-0.03177904 -0.001508921 -0.05119696 -2.960834 1.40012 -0.5196449 1 1 1
MDL_t0 r upperarm
0.1768139 -9.424367E-10 9.358533E-08 -0.01068452 0.9620973 -0.1626049 1 1 1
MDL_t0 r forearm
0.2532116 1.52667E-08 -2.201743E-08 -0.5866058 2.050227E-08 -2.343695E-08 1 1 1
MDL_t0 r hand
0.2580419 5.414183E-09 -3.602209E-08 0.3693764 -0.9415827 1.590706 1 1 1
MDL_t0 r finger0
0.07782795 -3.109708E-09 1.055198E-08 0.7679448 4.802132E-09 0.0007962594 1 1 1
MDL_cbu4body2
-0.1582899 -0.1891451 0.05396621 0.002328305 -1.221729 3.139406 1 1 1
MDL_cbu4body
-0.9991149 -4.406972E-09 -0.0003071644 -3.138279 -1.570795 -0.003263052 1 1 1
ANM_cbu4wal0
36
MDL_t0
0 1.004124 -0.0003374789 -1.570794 1.311302E-06 -1.553495 1 1 1
MDL_t0 footsteps
0.01737148 -1.334343E-06 -1.003974 1.570794 0.01730099 -1.330128E-06 1 1 1
MDL_t0 pelvis
0 0 0 -1.570796 1.400709E-06 -1.553342 1 1 1
MDL_t0 spine
0.1103517 -0.0001811725 0.001927574 -0.05048812 4.246776E-05 -0.005876796 1 1 1
MDL_t0 l thigh
-0.110179 -0.006104853 0.1221952 2.961264 0.008507663 -2.760304 1 1 1
MDL_t0 l calf
0.4816755 6.899803E-09 2.080688E-09 -0.1528275 6.39743E-09 -5.545716E-09 1 1 1
MDL_t0 l foot
0.4606186 -2.755965E-08 -4.742305E-09 0.283408 -0.08890983 0.3110588 1 1 1
MDL_t0 l toe0
0.08902714 0.133493 9.219185E-10 1.570796 -2.019052E-12 1.866725E-09 1 1 1
MDL_t0 r thigh
-0.1102628 -0.004648731 -0.1260388 -2.942122 0.03349866 -3.102603 1 1 1
MDL_t0 r calf
0.4816755 8.765275E-09 -3.266866E-09 -1.129303 -1.26379E-09 1.362337E-09 1 1 1
MDL_t0 r foot
0.4606186 -4.438381E-10 1.721505E-10 0.3872537 0.0150613 0.0662836 1 1 1
MDL_t0 r toe0
0.08902715 0.133493 7.119077E-09 1.60577 -0.008508833 -0.003342306 1 1 1
MDL_t0 spine1
0.2278849 -0.0001958784 6.498772E-06 0.005127604 0.05549153 -0.03289448 1 1 1
MDL_t0 neck
0.2461365 -5.591626E-05 1.034452E-05 0.006906839 -0.05998773 -0.1833344 1 1 1
MDL_t0 head
0.07141747 -1.476526E-09 3.507736E-10 0.06655564 0.02150978 0.1985148 1 1 1
MDL_t0 l clavicle
-0.03374943 -0.009145639 0.04908956 -3.093918 -1.199165 0.3738486 1 1 1
MDL_t0 l upperarm
0.1768139 -2.842333E-09 6.187521E-09 -0.4177293 -0.4824922 0.9899756 1 1 1
MDL_t0 l forearm
0.2532116 -8.172584E-10 2.973711E-09 -0.5040393 -1.34681E-08 -1.485692E-08 1 1 1
MDL_t0 l hand
0.2580419 1.159423E-08 7.770831E-09 0.01714335 0.1026154 -1.552471 1 1 1
MDL_t0 l finger0
0.07782801 5.570528E-09 4.524064E-09 1.231968 -0.0088263 0.02670082 1 1 1
MDL_cbu4sld2
0.1416406 0.001489724 0.09409722 -1.349197E-06 0.0134477 -0.0001517565 1 1 1
MDL_cbu4sld1
0.1496267 0.02240754 0.001578901 0.01329286 0.5937609 0.02782777 1 1 1
MDL_t0 r clavicle
-0.02750188 0.009730472 -0.05275948 -3.127558 1.212732 0.2223305 1 1 1
MDL_t0 r upperarm
0.1768139 -1.72184E-09 -1.192299E-07 0.4530311 0.8034707 -0.2503533 1 1 1
MDL_t0 r forearm
0.2532117 1.690002E-08 -4.506608E-08 -0.7429862 -1.100065E-08 5.283897E-09 1 1 1
MDL_t0 r hand
0.2580418 -2.031672E-09 2.057874E-08 0.2363721 -0.5489986 1.130787 1 1 1
MDL_t0 r finger0
0.07782798 5.850804E-09 -2.158003E-08 1.231968 0.00882625 -0.02670079 1 1 1
MDL_cbu4body2
-0.1582899 -0.1891451 0.0539662 0.002328277 -1.221729 3.139406 1 1 1
MDL_cbu4body
-0.9991148 -1.785489E-09 -0.0003071665 -3.141561 -1.570795 -3.424939E-05 1 1 1
